#!ascii label  , from subject fsaverage vox2ras=TkReg
885
142  -12.188  -55.206  29.606 0.0000000000
143  -5.391  -50.547  18.788 0.0000000000
312  -4.537  -65.493  30.333 0.0000000000
1293  -12.041  -55.464  33.471 0.0000000000
1294  -14.348  -50.740  36.481 0.0000000000
1295  -15.305  -49.492  32.474 0.0000000000
1298  -8.488  -49.155  29.338 0.0000000000
1326  -5.752  -55.751  13.749 0.0000000000
1713  -6.929  -59.116  34.009 0.0000000000
1714  -7.651  -60.615  29.883 0.0000000000
1731  -4.705  -46.965  23.496 0.0000000000
2392  -4.657  -49.416  27.735 0.0000000000
2393  -6.997  -51.648  22.252 0.0000000000
3213  -12.434  -55.384  31.544 0.0000000000
3214  -13.974  -52.780  32.944 0.0000000000
3215  -14.057  -52.371  30.993 0.0000000000
3216  -14.430  -49.056  30.636 0.0000000000
3217  -13.194  -52.126  29.447 0.0000000000
3218  -11.931  -51.691  28.467 0.0000000000
3242  -5.074  -48.355  19.096 0.0000000000
3244  -5.629  -50.422  16.506 0.0000000000
3245  -6.780  -53.072  14.035 0.0000000000
3246  -7.118  -52.820  16.328 0.0000000000
3815  -6.083  -62.295  32.344 0.0000000000
3816  -7.499  -60.022  32.063 0.0000000000
3817  -5.759  -62.841  30.158 0.0000000000
3818  -5.342  -62.803  28.310 0.0000000000
3819  -4.524  -65.678  28.426 0.0000000000
5335  -8.733  -51.212  27.175 0.0000000000
5336  -6.133  -49.628  29.088 0.0000000000
5337  -6.621  -51.336  26.323 0.0000000000
5338  -5.099  -50.883  24.948 0.0000000000
5339  -8.194  -52.167  23.537 0.0000000000
6935  -11.220  -55.568  35.207 0.0000000000
6936  -12.024  -53.011  36.479 0.0000000000
6937  -13.220  -53.138  34.834 0.0000000000
6938  -15.154  -50.074  34.507 0.0000000000
6946  -10.435  -51.404  27.769 0.0000000000
6995  -5.862  -55.513  11.237 0.0000000000
6996  -5.569  -57.746  11.572 0.0000000000
7837  -8.875  -57.338  35.520 0.0000000000
7838  -9.495  -57.347  33.774 0.0000000000
7839  -9.690  -57.688  31.738 0.0000000000
7840  -9.828  -57.854  29.922 0.0000000000
7881  -4.388  -48.640  21.143 0.0000000000
9732  -6.703  -46.965  30.213 0.0000000000
9733  -4.902  -47.083  29.555 0.0000000000
9734  -4.591  -46.208  27.445 0.0000000000
9735  -4.507  -48.295  25.490 0.0000000000
9736  -4.459  -49.966  23.014 0.0000000000
9737  -6.091  -51.120  20.541 0.0000000000
9745  -8.343  -54.113  19.289 0.0000000000
9746  -7.768  -53.558  17.708 0.0000000000
9747  -5.682  -56.440  15.443 0.0000000000
9748  -5.010  -58.804  13.198 0.0000000000
10893  -12.379  -55.320  30.576 0.0000000000
10894  -13.401  -53.966  31.255 0.0000000000
10895  -13.282  -53.830  30.337 0.0000000000
10896  -13.691  -52.328  30.148 0.0000000000
10897  -12.974  -53.685  29.510 0.0000000000
10898  -12.574  -53.411  28.854 0.0000000000
10899  -12.120  -54.934  28.813 0.0000000000
10922  -4.741  -49.405  18.799 0.0000000000
10923  -5.069  -49.358  17.699 0.0000000000
10924  -5.469  -50.495  17.626 0.0000000000
10925  -6.432  -51.497  16.497 0.0000000000
10926  -6.520  -51.456  17.631 0.0000000000
11493  -4.652  -65.405  31.337 0.0000000000
11494  -5.540  -63.627  32.404 0.0000000000
11495  -5.372  -63.861  31.298 0.0000000000
11496  -5.899  -62.650  31.204 0.0000000000
11497  -5.221  -64.149  30.173 0.0000000000
11498  -5.069  -64.246  29.273 0.0000000000
11499  -4.586  -65.637  29.353 0.0000000000
13015  -9.045  -51.853  25.745 0.0000000000
13016  -7.653  -51.227  26.824 0.0000000000
13017  -8.144  -51.781  25.333 0.0000000000
13018  -7.304  -51.697  24.852 0.0000000000
15398  -11.696  -55.603  34.380 0.0000000000
15399  -12.217  -54.385  34.983 0.0000000000
15400  -12.766  -54.321  34.133 0.0000000000
15401  -14.699  -51.211  32.687 0.0000000000
15402  -14.568  -51.374  33.675 0.0000000000
15403  -15.329  -49.729  33.461 0.0000000000
15404  -15.840  -48.413  34.368 0.0000000000
15405  -15.806  -48.066  33.312 0.0000000000
15407  -15.479  -47.747  32.286 0.0000000000
15416  -11.211  -51.539  28.088 0.0000000000
15417  -11.218  -52.570  27.059 0.0000000000
15418  -10.616  -52.338  26.567 0.0000000000
15497  -6.389  -54.476  13.856 0.0000000000
15498  -6.241  -54.475  12.557 0.0000000000
15499  -5.765  -55.700  12.443 0.0000000000
15500  -5.604  -56.677  11.294 0.0000000000
15501  -5.294  -56.860  12.403 0.0000000000
17205  -7.851  -58.170  34.776 0.0000000000
17206  -9.224  -57.405  34.685 0.0000000000
17207  -7.943  -58.187  33.818 0.0000000000
17208  -7.664  -60.402  31.010 0.0000000000
17209  -8.189  -58.788  31.825 0.0000000000
17210  -8.608  -59.147  30.811 0.0000000000
17211  -9.785  -57.848  30.771 0.0000000000
17212  -8.801  -59.321  29.832 0.0000000000
17213  -8.778  -59.237  29.087 0.0000000000
17214  -7.622  -60.580  28.939 0.0000000000
17299  -5.188  -46.729  22.456 0.0000000000
17300  -4.901  -47.525  21.341 0.0000000000
17301  -4.483  -47.788  22.357 0.0000000000
21721  -13.120  -51.892  36.471 0.0000000000
21722  -12.647  -52.012  37.388 0.0000000000
21723  -13.788  -51.021  37.460 0.0000000000
21767  -7.592  -48.061  29.864 0.0000000000
21768  -5.181  -49.654  28.587 0.0000000000
21769  -5.391  -48.450  29.527 0.0000000000
21770  -4.792  -48.289  28.716 0.0000000000
21771  -4.582  -46.763  28.544 0.0000000000
21772  -4.567  -47.909  27.653 0.0000000000
21773  -4.579  -47.355  26.550 0.0000000000
21774  -4.541  -48.907  26.581 0.0000000000
21775  -5.842  -51.259  23.588 0.0000000000
21776  -4.708  -50.488  23.988 0.0000000000
21777  -5.372  -50.975  22.715 0.0000000000
21778  -5.008  -50.596  21.783 0.0000000000
21779  -6.568  -51.384  21.415 0.0000000000
21800  -7.300  -55.715  18.156 0.0000000000
21801  -8.088  -53.853  18.497 0.0000000000
21802  -7.117  -55.554  17.313 0.0000000000
21803  -7.001  -55.210  16.592 0.0000000000
21804  -5.714  -56.825  16.260 0.0000000000
21806  -4.846  -59.215  14.049 0.0000000000
24215  -12.238  -55.409  32.529 0.0000000000
24216  -13.111  -54.242  33.255 0.0000000000
24217  -13.352  -54.106  32.261 0.0000000000
24218  -14.119  -52.597  31.993 0.0000000000
24219  -14.672  -50.961  31.680 0.0000000000
24220  -15.003  -49.265  31.479 0.0000000000
24221  -14.368  -50.813  30.759 0.0000000000
24222  -13.821  -50.628  29.993 0.0000000000
24223  -13.092  -50.550  29.416 0.0000000000
24224  -12.307  -50.371  29.124 0.0000000000
24225  -12.615  -51.915  28.942 0.0000000000
24226  -12.160  -53.166  28.183 0.0000000000
24273  -6.484  -51.547  14.368 0.0000000000
24274  -6.366  -51.560  15.416 0.0000000000
24275  -6.916  -52.954  15.206 0.0000000000
24276  -6.708  -54.496  14.993 0.0000000000
25299  -6.556  -60.619  33.290 0.0000000000
25300  -7.238  -59.511  33.013 0.0000000000
25301  -6.743  -61.128  32.227 0.0000000000
25302  -6.647  -61.499  31.134 0.0000000000
25303  -6.421  -61.722  30.039 0.0000000000
25304  -6.326  -61.626  29.105 0.0000000000
25305  -5.503  -62.881  29.192 0.0000000000
25306  -4.861  -64.227  28.390 0.0000000000
25356  -4.940  -46.072  24.506 0.0000000000
28009  -15.329  -49.322  36.530 0.0000000000
28010  -14.843  -49.821  37.537 0.0000000000
28035  -8.462  -50.341  28.422 0.0000000000
28036  -7.277  -49.420  29.339 0.0000000000
28037  -7.388  -50.525  28.208 0.0000000000
28038  -6.263  -50.668  27.841 0.0000000000
28039  -5.330  -50.635  27.248 0.0000000000
28040  -4.801  -50.296  26.406 0.0000000000
28041  -5.745  -51.236  25.686 0.0000000000
28042  -6.446  -51.526  24.310 0.0000000000
28043  -7.598  -51.891  22.950 0.0000000000
29440  -4.325  -67.012  30.263 0.0000000000
29441  -4.566  -66.987  29.401 0.0000000000
31541  -10.594  -55.428  36.011 0.0000000000
31542  -10.872  -54.156  36.509 0.0000000000
31543  -11.621  -54.352  35.787 0.0000000000
31544  -12.630  -53.105  35.708 0.0000000000
31545  -13.718  -51.802  35.559 0.0000000000
31546  -13.713  -52.973  33.874 0.0000000000
31547  -14.201  -51.649  34.637 0.0000000000
31548  -14.844  -50.393  35.507 0.0000000000
31549  -15.650  -48.909  35.422 0.0000000000
31565  -9.677  -48.990  29.307 0.0000000000
31566  -11.455  -50.270  28.902 0.0000000000
31567  -10.451  -50.316  28.731 0.0000000000
31568  -9.495  -50.276  28.530 0.0000000000
31569  -9.600  -51.291  27.467 0.0000000000
31570  -9.859  -52.072  26.124 0.0000000000
31681  -6.698  -52.999  12.950 0.0000000000
31682  -6.276  -54.240  11.469 0.0000000000
31684  -6.076  -56.386  10.349 0.0000000000
33889  -9.601  -56.308  36.301 0.0000000000
33890  -10.126  -56.468  35.446 0.0000000000
33891  -10.602  -56.595  34.570 0.0000000000
33892  -10.898  -56.488  33.659 0.0000000000
33893  -8.078  -58.447  32.810 0.0000000000
33894  -9.596  -57.470  32.785 0.0000000000
33895  -10.981  -56.570  32.668 0.0000000000
33896  -11.027  -56.619  31.666 0.0000000000
33897  -11.064  -56.603  30.720 0.0000000000
33898  -11.162  -56.517  29.807 0.0000000000
34010  -4.656  -48.414  20.071 0.0000000000
34011  -4.577  -49.711  19.902 0.0000000000
39435  -6.362  -48.375  29.911 0.0000000000
39436  -5.629  -47.103  30.171 0.0000000000
39441  -4.739  -45.668  26.406 0.0000000000
39442  -4.688  -46.678  25.422 0.0000000000
39443  -4.530  -47.562  24.397 0.0000000000
39444  -4.519  -49.795  25.367 0.0000000000
39445  -4.375  -49.086  24.259 0.0000000000
39446  -4.359  -48.499  23.261 0.0000000000
39447  -4.338  -49.333  22.080 0.0000000000
39448  -4.702  -50.160  20.807 0.0000000000
39449  -5.690  -50.808  19.639 0.0000000000
39470  -8.536  -52.902  21.444 0.0000000000
39473  -8.171  -52.546  20.733 0.0000000000
39474  -7.732  -52.216  19.979 0.0000000000
39475  -7.344  -51.949  19.167 0.0000000000
39476  -6.909  -51.745  18.367 0.0000000000
39477  -7.419  -53.139  17.023 0.0000000000
39478  -6.843  -54.872  15.774 0.0000000000
39479  -5.692  -56.140  14.539 0.0000000000
39480  -4.826  -58.017  15.037 0.0000000000
39481  -4.923  -57.715  14.166 0.0000000000
39482  -5.057  -57.302  13.297 0.0000000000
39483  -5.219  -58.285  12.339 0.0000000000
41613  -12.291  -55.239  30.104 0.0000000000
41614  -12.880  -54.585  30.460 0.0000000000
41615  -12.789  -54.503  30.000 0.0000000000
41616  -13.186  -53.752  29.907 0.0000000000
41617  -12.666  -54.444  29.551 0.0000000000
41618  -12.582  -54.307  29.166 0.0000000000
41619  -12.181  -55.051  29.192 0.0000000000
41642  -4.943  -50.039  18.808 0.0000000000
41643  -5.083  -49.979  18.216 0.0000000000
41644  -5.470  -50.509  18.205 0.0000000000
41645  -6.010  -50.972  17.625 0.0000000000
41646  -5.958  -50.970  18.216 0.0000000000
42213  -4.631  -65.434  30.816 0.0000000000
42214  -5.054  -64.593  31.347 0.0000000000
42215  -4.976  -64.657  30.811 0.0000000000
42216  -5.300  -63.970  30.760 0.0000000000
42217  -4.893  -64.784  30.297 0.0000000000
42218  -4.874  -64.880  29.793 0.0000000000
42219  -4.577  -65.587  29.836 0.0000000000
43736  -8.547  -51.824  25.533 0.0000000000
43737  -8.890  -52.160  24.847 0.0000000000
43738  -8.494  -52.087  24.664 0.0000000000
46118  -11.888  -55.538  33.901 0.0000000000
46119  -12.226  -54.982  34.249 0.0000000000
46120  -12.444  -54.908  33.826 0.0000000000
46121  -15.025  -50.371  32.588 0.0000000000
46122  -15.019  -50.471  33.076 0.0000000000
46123  -15.345  -49.609  32.956 0.0000000000
46124  -15.613  -48.894  33.350 0.0000000000
46125  -15.567  -48.747  32.844 0.0000000000
46126  -15.660  -47.885  32.766 0.0000000000
46127  -15.468  -48.630  32.325 0.0000000000
46136  -11.480  -52.730  27.303 0.0000000000
46217  -6.042  -55.147  13.765 0.0000000000
46218  -6.022  -55.119  13.098 0.0000000000
46219  -5.739  -55.748  13.056 0.0000000000
46220  -5.501  -56.327  12.373 0.0000000000
46221  -5.471  -56.330  13.058 0.0000000000
47921  -6.592  -59.573  34.200 0.0000000000
47923  -6.856  -59.009  34.555 0.0000000000
47924  -7.258  -58.535  34.919 0.0000000000
47925  -7.326  -58.586  34.405 0.0000000000
47926  -7.886  -58.157  34.297 0.0000000000
47927  -7.381  -58.612  33.897 0.0000000000
47928  -7.722  -60.540  30.446 0.0000000000
47929  -8.145  -59.776  30.916 0.0000000000
47930  -8.277  -59.890  30.371 0.0000000000
47931  -8.712  -59.210  30.316 0.0000000000
47932  -8.242  -59.981  29.838 0.0000000000
47933  -8.260  -59.985  29.396 0.0000000000
47934  -7.626  -60.598  29.402 0.0000000000
48017  -5.031  -46.399  23.503 0.0000000000
48018  -5.413  -46.327  23.064 0.0000000000
48019  -4.883  -46.813  22.961 0.0000000000
48020  -4.753  -47.228  22.400 0.0000000000
48021  -4.540  -47.364  22.938 0.0000000000
52441  -13.726  -51.332  36.491 0.0000000000
52442  -13.442  -51.426  36.940 0.0000000000
52443  -14.045  -50.886  36.972 0.0000000000
52485  -8.648  -48.484  29.564 0.0000000000
52486  -8.200  -47.936  29.785 0.0000000000
52487  -8.046  -48.633  29.632 0.0000000000
52488  -4.869  -49.597  28.188 0.0000000000
52489  -4.934  -49.013  28.706 0.0000000000
52490  -4.702  -48.914  28.269 0.0000000000
52491  -4.604  -48.124  28.243 0.0000000000
52492  -4.599  -48.678  27.725 0.0000000000
52493  -4.553  -48.440  27.145 0.0000000000
52494  -4.575  -49.178  27.179 0.0000000000
52495  -6.384  -51.433  22.940 0.0000000000
52496  -5.562  -51.139  23.170 0.0000000000
52497  -6.133  -51.307  22.517 0.0000000000
52498  -5.910  -51.147  22.072 0.0000000000
52499  -6.785  -51.495  21.850 0.0000000000
52521  -7.224  -55.650  17.725 0.0000000000
52522  -6.484  -56.355  17.230 0.0000000000
52523  -6.401  -56.281  16.811 0.0000000000
52524  -5.731  -56.973  16.727 0.0000000000
55718  -12.336  -55.411  32.019 0.0000000000
55719  -12.832  -54.803  32.384 0.0000000000
55720  -12.927  -54.732  31.894 0.0000000000
55721  -13.761  -53.174  31.121 0.0000000000
55722  -13.790  -53.287  31.636 0.0000000000
55723  -14.124  -52.473  31.489 0.0000000000
55724  -14.426  -51.786  31.821 0.0000000000
55725  -14.391  -51.677  31.319 0.0000000000
55726  -14.541  -50.879  31.201 0.0000000000
55727  -14.255  -51.607  30.871 0.0000000000
55728  -13.460  -52.226  29.780 0.0000000000
55729  -13.819  -51.461  30.041 0.0000000000
55730  -13.508  -51.399  29.724 0.0000000000
55731  -13.467  -50.597  29.691 0.0000000000
55732  -13.182  -51.343  29.400 0.0000000000
55733  -12.856  -51.243  29.200 0.0000000000
55734  -12.907  -52.043  29.164 0.0000000000
55735  -12.264  -54.103  28.447 0.0000000000
55736  -12.349  -53.324  28.505 0.0000000000
55810  -5.238  -49.872  17.059 0.0000000000
55811  -5.265  -49.334  17.186 0.0000000000
55812  -5.448  -49.871  16.553 0.0000000000
55814  -5.687  -50.479  15.935 0.0000000000
55815  -6.056  -50.977  15.428 0.0000000000
55816  -5.997  -50.978  15.970 0.0000000000
55817  -6.830  -52.147  16.417 0.0000000000
55818  -6.754  -52.168  15.875 0.0000000000
55819  -7.052  -52.918  15.749 0.0000000000
55820  -6.900  -53.740  15.085 0.0000000000
55821  -7.056  -53.650  15.654 0.0000000000
57521  -5.826  -62.928  32.383 0.0000000000
57522  -5.892  -62.750  32.932 0.0000000000
57523  -6.113  -62.076  32.924 0.0000000000
57524  -6.302  -61.223  33.410 0.0000000000
57525  -6.324  -61.455  32.843 0.0000000000
57526  -6.679  -60.897  32.761 0.0000000000
57527  -6.370  -61.697  32.291 0.0000000000
57528  -5.815  -62.778  30.672 0.0000000000
57529  -6.208  -62.037  31.192 0.0000000000
57530  -6.151  -62.169  30.646 0.0000000000
57531  -6.569  -61.625  30.600 0.0000000000
57532  -5.974  -62.287  30.115 0.0000000000
57533  -5.921  -62.280  29.630 0.0000000000
57534  -5.627  -62.882  29.652 0.0000000000
57535  -4.716  -64.985  28.852 0.0000000000
57536  -4.953  -64.253  28.813 0.0000000000
57537  -4.644  -64.958  28.398 0.0000000000
57621  -5.024  -45.623  24.986 0.0000000000
62041  -15.623  -48.543  36.484 0.0000000000
62042  -15.462  -48.795  37.021 0.0000000000
62085  -8.573  -50.845  27.832 0.0000000000
62086  -7.934  -50.437  28.334 0.0000000000
62087  -8.048  -50.900  27.727 0.0000000000
62088  -7.096  -51.303  26.555 0.0000000000
62089  -6.965  -50.979  27.346 0.0000000000
62090  -6.396  -51.041  27.105 0.0000000000
62091  -5.680  -50.742  27.608 0.0000000000
62092  -5.930  -51.057  26.805 0.0000000000
62093  -5.507  -51.010  26.483 0.0000000000
62094  -6.148  -51.351  26.024 0.0000000000
62095  -7.706  -51.901  24.215 0.0000000000
62096  -6.866  -51.620  24.577 0.0000000000
62097  -7.291  -51.735  23.982 0.0000000000
62098  -7.006  -51.671  23.652 0.0000000000
62099  -7.858  -52.056  23.265 0.0000000000
64731  -4.259  -66.867  30.824 0.0000000000
69233  -10.910  -55.531  35.624 0.0000000000
69234  -11.114  -54.906  35.866 0.0000000000
69235  -11.426  -54.965  35.467 0.0000000000
69236  -12.726  -53.768  34.941 0.0000000000
69237  -12.434  -53.747  35.362 0.0000000000
69238  -12.964  -53.138  35.268 0.0000000000
69239  -13.170  -52.476  35.578 0.0000000000
69240  -13.466  -52.470  35.178 0.0000000000
69241  -13.581  -53.564  33.114 0.0000000000
69242  -13.439  -53.609  33.574 0.0000000000
69243  -13.867  -52.876  33.423 0.0000000000
69244  -14.855  -50.712  34.133 0.0000000000
69245  -14.418  -51.529  34.161 0.0000000000
69246  -14.700  -50.866  34.568 0.0000000000
69247  -14.506  -50.986  35.055 0.0000000000
69248  -15.024  -50.249  34.979 0.0000000000
69249  -15.286  -49.680  35.465 0.0000000000
69250  -15.427  -49.478  34.944 0.0000000000
69251  -16.005  -47.547  34.322 0.0000000000
69252  -15.968  -47.786  34.845 0.0000000000
69263  -14.737  -49.150  31.035 0.0000000000
69264  -15.004  -48.438  31.401 0.0000000000
69265  -14.711  -48.328  30.974 0.0000000000
69284  -10.215  -48.963  29.286 0.0000000000
69285  -12.128  -51.021  28.839 0.0000000000
69286  -11.921  -50.291  28.999 0.0000000000
69287  -11.724  -50.963  28.676 0.0000000000
69288  -10.829  -51.480  27.967 0.0000000000
69289  -10.852  -50.928  28.450 0.0000000000
69290  -10.388  -50.922  28.304 0.0000000000
69291  -9.952  -50.314  28.646 0.0000000000
69292  -9.966  -50.885  28.143 0.0000000000
69293  -9.522  -50.827  28.024 0.0000000000
69294  -10.036  -51.346  27.597 0.0000000000
69296  -10.282  -52.169  26.307 0.0000000000
69532  -6.660  -52.257  14.264 0.0000000000
69533  -6.716  -52.238  13.727 0.0000000000
69534  -6.690  -53.038  13.518 0.0000000000
69535  -5.991  -55.046  11.882 0.0000000000
69536  -6.250  -54.377  11.985 0.0000000000
69537  -6.033  -54.885  11.339 0.0000000000
69538  -6.118  -54.703  10.891 0.0000000000
69539  -5.982  -55.342  10.780 0.0000000000
69540  -6.068  -55.815  10.312 0.0000000000
69541  -5.870  -55.983  10.716 0.0000000000
69542  -5.550  -57.232  11.385 0.0000000000
69543  -5.837  -57.073  10.909 0.0000000000
69544  -5.878  -57.583  11.070 0.0000000000
74651  -8.283  -57.749  35.606 0.0000000000
74653  -8.700  -57.266  35.947 0.0000000000
74655  -9.280  -56.839  35.923 0.0000000000
74656  -9.842  -56.380  35.869 0.0000000000
74657  -9.494  -56.905  35.478 0.0000000000
74658  -9.379  -57.374  34.240 0.0000000000
74659  -9.956  -57.014  34.638 0.0000000000
74660  -10.094  -56.968  34.193 0.0000000000
74661  -10.760  -56.533  34.126 0.0000000000
74662  -10.220  -56.938  33.733 0.0000000000
74663  -7.366  -59.763  32.537 0.0000000000
74664  -7.551  -58.974  32.882 0.0000000000
74665  -7.653  -59.209  32.402 0.0000000000
74666  -8.839  -58.259  31.738 0.0000000000
74667  -8.835  -58.086  32.287 0.0000000000
74668  -9.629  -57.587  32.255 0.0000000000
74669  -10.342  -57.030  32.724 0.0000000000
74670  -10.368  -57.115  32.206 0.0000000000
74671  -11.005  -56.627  32.148 0.0000000000
74672  -10.357  -57.195  31.676 0.0000000000
74673  -9.865  -57.857  30.348 0.0000000000
74674  -10.425  -57.231  30.752 0.0000000000
74675  -10.434  -57.222  30.286 0.0000000000
74676  -11.116  -56.565  30.265 0.0000000000
74677  -10.496  -57.179  29.876 0.0000000000
74678  -10.542  -57.157  29.490 0.0000000000
74679  -9.875  -57.834  29.561 0.0000000000
74685  -5.758  -62.151  28.700 0.0000000000
74686  -6.234  -61.586  28.582 0.0000000000
74687  -5.690  -62.155  28.213 0.0000000000
74701  -4.670  -67.028  28.946 0.0000000000
74942  -4.566  -48.026  21.218 0.0000000000
74943  -4.723  -47.916  20.708 0.0000000000
74944  -4.499  -48.515  20.599 0.0000000000
74945  -4.505  -49.019  19.977 0.0000000000
74946  -4.456  -49.163  20.539 0.0000000000
88201  -11.455  -53.588  36.486 0.0000000000
88202  -11.061  -53.530  36.831 0.0000000000
88203  -11.716  -52.989  36.883 0.0000000000
88343  -6.697  -49.543  29.213 0.0000000000
88344  -6.786  -48.924  29.644 0.0000000000
88345  -6.238  -48.997  29.536 0.0000000000
88346  -5.135  -47.786  29.559 0.0000000000
88347  -5.510  -47.793  29.864 0.0000000000
88348  -5.224  -47.118  29.909 0.0000000000
88349  -5.287  -46.413  30.218 0.0000000000
88350  -4.930  -46.404  29.907 0.0000000000
88352  -4.690  -46.299  29.480 0.0000000000
88353  -4.573  -46.490  27.991 0.0000000000
88354  -4.501  -45.843  28.430 0.0000000000
88355  -4.537  -45.590  27.906 0.0000000000
88359  -4.634  -45.941  26.935 0.0000000000
88360  -4.525  -47.820  26.046 0.0000000000
88361  -4.629  -47.044  25.977 0.0000000000
88362  -4.568  -47.483  25.448 0.0000000000
88363  -4.607  -47.137  24.928 0.0000000000
88364  -4.495  -47.895  24.906 0.0000000000
88365  -4.924  -50.607  25.664 0.0000000000
88366  -4.668  -50.035  25.873 0.0000000000
88367  -4.726  -50.339  25.166 0.0000000000
88368  -4.565  -50.214  23.516 0.0000000000
88369  -4.455  -49.851  24.142 0.0000000000
88370  -4.395  -49.551  23.653 0.0000000000
88371  -4.361  -48.820  23.755 0.0000000000
88372  -4.343  -49.270  23.172 0.0000000000
88373  -4.344  -48.920  22.679 0.0000000000
88374  -4.421  -49.674  22.533 0.0000000000
88375  -5.478  -50.877  21.175 0.0000000000
88376  -4.836  -50.387  21.319 0.0000000000
88377  -5.307  -50.702  20.680 0.0000000000
88378  -5.111  -50.535  20.205 0.0000000000
88379  -5.855  -50.976  20.092 0.0000000000
88439  -8.523  -53.460  20.349 0.0000000000
88440  -8.363  -53.291  19.993 0.0000000000
88441  -7.924  -52.402  20.375 0.0000000000
88442  -8.289  -53.125  19.603 0.0000000000
88443  -7.843  -53.714  18.126 0.0000000000
88444  -7.917  -52.802  18.877 0.0000000000
88445  -7.663  -52.699  18.440 0.0000000000
88446  -7.116  -51.830  18.760 0.0000000000
88447  -7.480  -52.527  18.050 0.0000000000
88448  -7.276  -52.347  17.703 0.0000000000
88449  -7.563  -53.371  17.380 0.0000000000
88450  -6.337  -55.854  16.081 0.0000000000
88451  -6.942  -55.019  16.215 0.0000000000
88452  -6.286  -55.677  15.633 0.0000000000
88453  -6.210  -55.543  15.180 0.0000000000
88454  -5.672  -56.279  15.002 0.0000000000
88456  -4.751  -58.214  15.486 0.0000000000
88457  -4.646  -58.831  14.948 0.0000000000
88458  -4.941  -59.023  13.607 0.0000000000
88459  -4.788  -58.520  14.032 0.0000000000
88460  -4.848  -58.338  13.606 0.0000000000
88461  -4.961  -57.502  13.751 0.0000000000
88462  -4.930  -58.079  13.210 0.0000000000
88463  -5.007  -57.830  12.744 0.0000000000
88464  -5.109  -58.543  12.798 0.0000000000
93335  -12.384  -55.361  31.067 0.0000000000
93336  -13.000  -54.666  31.407 0.0000000000
93337  -12.938  -54.672  30.924 0.0000000000
93338  -13.366  -53.922  30.782 0.0000000000
93339  -13.696  -53.159  30.657 0.0000000000
93340  -13.904  -52.390  30.552 0.0000000000
93341  -13.534  -53.100  30.238 0.0000000000
93342  -13.333  -53.039  29.843 0.0000000000
93343  -13.112  -52.940  29.467 0.0000000000
93344  -12.878  -52.810  29.162 0.0000000000
93345  -12.771  -53.535  29.177 0.0000000000
93346  -12.403  -54.175  28.823 0.0000000000
93388  -4.799  -48.826  18.911 0.0000000000
93389  -4.970  -48.806  18.374 0.0000000000
93390  -4.871  -49.398  18.245 0.0000000000
93391  -5.150  -49.911  17.624 0.0000000000
93392  -5.548  -50.442  17.056 0.0000000000
93393  -5.967  -50.940  16.534 0.0000000000
93394  -5.989  -50.974  17.057 0.0000000000
93395  -6.518  -51.485  17.042 0.0000000000
93396  -6.943  -52.046  17.007 0.0000000000
94417  -5.106  -64.554  31.883 0.0000000000
94418  -5.447  -63.795  31.856 0.0000000000
94419  -5.714  -63.110  31.794 0.0000000000
94420  -6.002  -62.475  31.737 0.0000000000
94421  -5.637  -63.247  31.239 0.0000000000
94422  -5.539  -63.429  30.673 0.0000000000
94423  -5.509  -63.501  30.126 0.0000000000
94424  -5.411  -63.516  29.680 0.0000000000
94425  -5.169  -64.229  29.716 0.0000000000
94426  -4.826  -64.940  29.327 0.0000000000
94427  -4.531  -65.647  28.896 0.0000000000
97155  -8.856  -51.526  26.449 0.0000000000
97156  -8.196  -51.192  27.009 0.0000000000
97157  -8.356  -51.495  26.238 0.0000000000
97158  -7.816  -51.547  26.031 0.0000000000
97159  -7.365  -51.529  25.830 0.0000000000
97160  -6.914  -51.534  25.579 0.0000000000
97161  -7.711  -51.756  25.125 0.0000000000
97162  -8.082  -51.983  24.484 0.0000000000
101444  -11.496  -55.603  34.802 0.0000000000
101445  -11.712  -54.998  35.061 0.0000000000
101446  -11.953  -55.073  34.667 0.0000000000
101447  -12.492  -54.394  34.595 0.0000000000
101448  -12.955  -53.748  34.490 0.0000000000
101449  -14.347  -52.012  32.801 0.0000000000
101450  -14.269  -52.088  33.282 0.0000000000
101451  -14.653  -51.294  33.176 0.0000000000
101452  -14.964  -50.554  33.577 0.0000000000
101453  -15.284  -49.908  34.018 0.0000000000
101454  -15.538  -49.264  34.438 0.0000000000
101455  -15.607  -49.074  33.904 0.0000000000
101456  -15.838  -48.223  33.851 0.0000000000
101457  -15.932  -47.328  33.775 0.0000000000
101462  -14.027  -49.001  30.271 0.0000000000
101475  -11.773  -52.368  28.041 0.0000000000
101476  -11.557  -51.616  28.235 0.0000000000
101477  -11.510  -52.195  27.760 0.0000000000
101478  -11.216  -52.063  27.538 0.0000000000
101479  -10.867  -51.950  27.391 0.0000000000
101480  -10.538  -51.840  27.179 0.0000000000
101481  -10.934  -52.439  26.806 0.0000000000
101623  -6.632  -53.780  13.938 0.0000000000
101624  -6.556  -53.795  13.328 0.0000000000
101625  -6.304  -54.468  13.179 0.0000000000
101626  -6.008  -55.087  12.501 0.0000000000
101627  -5.806  -55.622  11.884 0.0000000000
101628  -5.736  -56.098  11.242 0.0000000000
101629  -5.592  -56.223  11.823 0.0000000000
101630  -5.430  -56.800  11.828 0.0000000000
101631  -5.311  -57.341  11.917 0.0000000000
104696  -7.812  -58.158  35.244 0.0000000000
104697  -8.411  -57.789  35.151 0.0000000000
104698  -9.049  -57.385  35.059 0.0000000000
104699  -8.509  -57.792  34.716 0.0000000000
104700  -8.561  -57.784  34.257 0.0000000000
104701  -8.680  -57.767  33.785 0.0000000000
104702  -7.645  -60.273  31.541 0.0000000000
104703  -7.787  -59.404  31.938 0.0000000000
104704  -7.964  -59.582  31.463 0.0000000000
104705  -8.372  -59.019  31.326 0.0000000000
104706  -8.977  -58.405  31.229 0.0000000000
104707  -9.670  -57.798  31.193 0.0000000000
104708  -9.085  -58.458  30.735 0.0000000000
104709  -9.226  -58.526  30.318 0.0000000000
104710  -9.258  -58.557  29.918 0.0000000000
104711  -9.281  -58.550  29.533 0.0000000000
104712  -8.804  -59.285  29.453 0.0000000000
104713  -8.309  -59.957  28.979 0.0000000000
104868  -5.395  -47.162  21.511 0.0000000000
104869  -5.036  -47.151  21.915 0.0000000000
104870  -4.606  -47.611  21.823 0.0000000000
104871  -4.419  -48.173  21.748 0.0000000000
112825  -12.565  -52.445  36.473 0.0000000000
112826  -12.256  -52.462  36.892 0.0000000000
112827  -12.837  -51.950  36.901 0.0000000000
112828  -13.209  -51.544  37.427 0.0000000000
112908  -7.729  -47.393  29.967 0.0000000000
112909  -7.092  -47.532  30.054 0.0000000000
112910  -5.638  -49.674  28.882 0.0000000000
112911  -5.706  -49.040  29.402 0.0000000000
112912  -5.278  -49.055  29.084 0.0000000000
112913  -5.035  -48.390  29.155 0.0000000000
112914  -4.871  -47.708  29.146 0.0000000000
112915  -4.690  -47.008  29.067 0.0000000000
112916  -4.681  -47.565  28.651 0.0000000000
112917  -4.585  -47.369  28.120 0.0000000000
112918  -4.570  -47.089  27.546 0.0000000000
112919  -4.605  -46.813  26.992 0.0000000000
112920  -4.533  -47.647  27.105 0.0000000000
112921  -4.526  -48.129  26.591 0.0000000000
112922  -4.514  -48.599  26.039 0.0000000000
112923  -5.367  -51.119  24.262 0.0000000000
112924  -4.882  -50.690  24.473 0.0000000000
112925  -5.168  -50.933  23.800 0.0000000000
112926  -4.937  -50.788  23.358 0.0000000000
112927  -4.789  -50.545  22.880 0.0000000000
112928  -4.666  -50.329  22.359 0.0000000000
112929  -5.108  -50.799  22.263 0.0000000000
112930  -5.715  -51.012  21.621 0.0000000000
112931  -6.350  -51.238  20.991 0.0000000000
112968  -7.929  -54.942  18.689 0.0000000000
112969  -8.175  -53.979  18.905 0.0000000000
112970  -7.778  -54.854  18.283 0.0000000000
112971  -7.670  -54.727  17.885 0.0000000000
112972  -7.564  -54.617  17.481 0.0000000000
112973  -7.475  -54.438  17.128 0.0000000000
112974  -7.040  -55.415  16.944 0.0000000000
112975  -6.343  -56.074  16.423 0.0000000000
112976  -5.639  -56.627  15.869 0.0000000000
112978  -4.762  -59.372  14.489 0.0000000000
112980  -5.213  -59.534  13.733 0.0000000000
112981  -5.281  -59.363  13.258 0.0000000000
112982  -5.420  -59.113  12.913 0.0000000000
117941  -12.135  -55.391  33.025 0.0000000000
117942  -12.594  -54.856  33.399 0.0000000000
117943  -12.706  -54.820  32.905 0.0000000000
117944  -13.234  -54.184  32.764 0.0000000000
117945  -13.692  -53.466  32.622 0.0000000000
117946  -13.404  -54.023  31.767 0.0000000000
117947  -13.771  -53.381  32.145 0.0000000000
117948  -14.077  -52.691  32.473 0.0000000000
117949  -14.397  -51.908  32.307 0.0000000000
117950  -14.723  -51.078  32.184 0.0000000000
117951  -14.977  -50.261  32.120 0.0000000000
117952  -15.156  -49.424  31.990 0.0000000000
117953  -14.844  -50.142  31.584 0.0000000000
117954  -14.669  -50.017  31.111 0.0000000000
117955  -14.435  -49.894  30.690 0.0000000000
117956  -14.046  -51.549  30.417 0.0000000000
117957  -14.123  -50.688  30.329 0.0000000000
117958  -14.118  -49.834  30.290 0.0000000000
117959  -13.743  -49.813  29.980 0.0000000000
117960  -13.366  -49.795  29.701 0.0000000000
117963  -12.721  -50.449  29.264 0.0000000000
117964  -12.495  -51.130  29.030 0.0000000000
117965  -12.276  -51.775  28.726 0.0000000000
117966  -12.646  -52.729  28.855 0.0000000000
117967  -12.350  -52.546  28.605 0.0000000000
117968  -12.085  -52.437  28.327 0.0000000000
118078  -6.132  -50.923  14.903 0.0000000000
118079  -6.417  -51.531  14.919 0.0000000000
118080  -6.668  -52.282  14.737 0.0000000000
118081  -6.379  -51.539  15.947 0.0000000000
118082  -6.730  -52.205  15.317 0.0000000000
118083  -6.804  -53.028  14.605 0.0000000000
118084  -6.804  -53.763  14.546 0.0000000000
118085  -6.508  -54.503  14.423 0.0000000000
118086  -6.192  -55.163  14.372 0.0000000000
120470  -6.461  -60.382  33.839 0.0000000000
120471  -6.716  -59.752  33.659 0.0000000000
120472  -7.047  -59.209  33.496 0.0000000000
120473  -6.900  -60.055  33.174 0.0000000000
120474  -7.042  -60.331  32.661 0.0000000000
120475  -7.157  -60.564  32.183 0.0000000000
120476  -6.295  -61.860  31.737 0.0000000000
120477  -6.700  -61.336  31.685 0.0000000000
120478  -7.173  -60.839  31.610 0.0000000000
120479  -7.157  -61.000  31.082 0.0000000000
120480  -7.084  -61.118  30.536 0.0000000000
120481  -7.019  -61.192  29.956 0.0000000000
120482  -6.970  -61.130  29.478 0.0000000000
120483  -6.363  -61.681  29.591 0.0000000000
120484  -5.832  -62.227  29.195 0.0000000000
120485  -5.438  -62.838  28.763 0.0000000000
120486  -5.295  -63.533  29.206 0.0000000000
120487  -5.184  -63.546  28.792 0.0000000000
120488  -5.088  -63.518  28.364 0.0000000000
120605  -5.169  -45.956  24.042 0.0000000000
120606  -4.819  -46.538  24.006 0.0000000000
126793  -14.898  -50.058  36.519 0.0000000000
126794  -14.632  -50.277  36.994 0.0000000000
126795  -15.124  -49.565  37.031 0.0000000000
126855  -8.416  -49.756  28.932 0.0000000000
126856  -7.899  -49.292  29.365 0.0000000000
126857  -7.845  -49.879  28.922 0.0000000000
126858  -7.288  -49.998  28.810 0.0000000000
126859  -6.727  -50.105  28.671 0.0000000000
126860  -7.518  -50.902  27.590 0.0000000000
126861  -6.836  -50.623  28.053 0.0000000000
126862  -6.137  -50.213  28.525 0.0000000000
126863  -5.630  -50.237  28.270 0.0000000000
126864  -5.171  -50.194  27.974 0.0000000000
126865  -4.893  -50.080  27.581 0.0000000000
126866  -4.712  -49.879  27.106 0.0000000000
126867  -5.020  -50.508  26.877 0.0000000000
126868  -5.198  -50.839  26.103 0.0000000000
126869  -5.367  -51.127  25.386 0.0000000000
126870  -6.446  -51.500  25.234 0.0000000000
126871  -6.031  -51.401  24.951 0.0000000000
126872  -5.678  -51.283  24.665 0.0000000000
126873  -6.144  -51.402  23.994 0.0000000000
126874  -6.688  -51.559  23.337 0.0000000000
126875  -7.293  -51.809  22.598 0.0000000000
130376  -4.360  -66.088  31.343 0.0000000000
130377  -4.363  -66.192  30.804 0.0000000000
130378  -4.346  -66.233  30.300 0.0000000000
130379  -4.431  -66.287  29.841 0.0000000000
130380  -4.476  -66.956  29.836 0.0000000000
136079  -10.234  -55.245  36.362 0.0000000000
136080  -10.343  -54.672  36.569 0.0000000000
136081  -10.735  -54.788  36.242 0.0000000000
136082  -11.265  -54.257  36.165 0.0000000000
136083  -11.808  -53.654  36.116 0.0000000000
136084  -11.930  -54.359  35.348 0.0000000000
136085  -12.118  -53.753  35.755 0.0000000000
136086  -12.356  -53.040  36.099 0.0000000000
136087  -12.875  -52.445  36.060 0.0000000000
136088  -13.432  -51.837  36.041 0.0000000000
136089  -14.032  -51.213  36.022 0.0000000000
136090  -12.968  -54.277  33.713 0.0000000000
136091  -13.267  -53.672  34.031 0.0000000000
136092  -13.447  -53.072  34.354 0.0000000000
136093  -14.164  -52.188  33.759 0.0000000000
136094  -13.951  -52.329  34.232 0.0000000000
136095  -13.709  -52.425  34.709 0.0000000000
136096  -13.974  -51.739  35.112 0.0000000000
136097  -14.308  -51.085  35.532 0.0000000000
136098  -14.625  -50.558  36.013 0.0000000000
136099  -15.135  -49.859  36.047 0.0000000000
136100  -15.518  -49.107  35.987 0.0000000000
136101  -15.789  -48.298  35.936 0.0000000000
136102  -15.777  -48.650  34.898 0.0000000000
136103  -15.917  -48.089  35.384 0.0000000000
136118  -15.252  -48.555  31.879 0.0000000000
136119  -15.235  -47.701  31.837 0.0000000000
136144  -9.254  -48.388  29.532 0.0000000000
136145  -9.120  -49.006  29.344 0.0000000000
136149  -11.281  -50.938  28.602 0.0000000000
136150  -10.955  -50.291  28.851 0.0000000000
136151  -10.594  -49.618  29.075 0.0000000000
136152  -10.054  -49.661  29.019 0.0000000000
136153  -9.536  -49.666  28.999 0.0000000000
136154  -8.965  -49.676  28.967 0.0000000000
136155  -8.982  -50.289  28.469 0.0000000000
136156  -9.039  -50.860  27.939 0.0000000000
136157  -9.170  -51.241  27.317 0.0000000000
136158  -10.157  -51.766  26.993 0.0000000000
136159  -9.726  -51.664  26.802 0.0000000000
136160  -9.304  -51.583  26.638 0.0000000000
136161  -9.464  -51.956  25.954 0.0000000000
136462  -6.516  -53.800  12.680 0.0000000000
136463  -6.508  -53.668  12.177 0.0000000000
136471  -5.842  -56.533  10.797 0.0000000000
142765  -9.736  -55.678  36.513 0.0000000000
142766  -10.107  -55.827  36.200 0.0000000000
142767  -10.390  -55.965  35.766 0.0000000000
142768  -10.711  -56.070  35.359 0.0000000000
142769  -9.764  -56.969  35.052 0.0000000000
142770  -10.420  -56.542  35.013 0.0000000000
142771  -10.994  -56.091  34.926 0.0000000000
142772  -11.188  -56.128  34.491 0.0000000000
142773  -11.365  -56.065  34.032 0.0000000000
142774  -11.485  -56.008  33.548 0.0000000000
142775  -7.463  -58.734  33.374 0.0000000000
142776  -7.939  -58.222  33.305 0.0000000000
142777  -8.773  -57.808  33.299 0.0000000000
142778  -8.123  -58.614  32.327 0.0000000000
142779  -8.797  -57.950  32.790 0.0000000000
142780  -9.548  -57.392  33.277 0.0000000000
142781  -10.278  -56.951  33.237 0.0000000000
142782  -10.946  -56.492  33.177 0.0000000000
142783  -11.540  -56.023  33.101 0.0000000000
142784  -11.616  -56.012  32.613 0.0000000000
142785  -11.682  -56.003  32.133 0.0000000000
142786  -11.730  -55.999  31.644 0.0000000000
142787  -10.351  -57.239  31.209 0.0000000000
142788  -11.025  -56.614  31.209 0.0000000000
142789  -11.745  -55.979  31.169 0.0000000000
142790  -11.746  -55.955  30.686 0.0000000000
142791  -11.738  -55.909  30.197 0.0000000000
142792  -11.655  -55.856  29.735 0.0000000000
142793  -11.677  -55.799  29.296 0.0000000000
142794  -11.134  -56.489  29.404 0.0000000000
142803  -6.942  -61.091  28.997 0.0000000000
142804  -6.902  -61.026  28.500 0.0000000000
142821  -4.409  -66.369  29.365 0.0000000000
142822  -4.495  -66.374  28.864 0.0000000000
142823  -4.556  -66.392  28.451 0.0000000000
143116  -5.205  -47.542  20.890 0.0000000000
143117  -4.994  -47.928  20.236 0.0000000000
143118  -4.808  -48.321  19.557 0.0000000000
143119  -4.599  -48.870  19.405 0.0000000000
143120  -4.671  -49.527  19.369 0.0000000000
143121  -4.930  -50.140  19.348 0.0000000000
159099  -14.367  -50.473  37.500 0.0000000000
159261  -7.428  -48.762  29.642 0.0000000000
159262  -6.954  -48.222  29.883 0.0000000000
159263  -6.524  -47.658  30.070 0.0000000000
159264  -5.847  -48.411  29.752 0.0000000000
159265  -5.950  -47.744  30.066 0.0000000000
159266  -6.145  -47.060  30.214 0.0000000000
159273  -4.537  -46.097  28.972 0.0000000000
159282  -4.668  -46.546  26.477 0.0000000000
159283  -4.740  -46.215  25.943 0.0000000000
159284  -4.848  -45.909  25.452 0.0000000000
159285  -4.785  -46.365  24.960 0.0000000000
159286  -4.696  -46.827  24.458 0.0000000000
159287  -4.570  -47.254  23.948 0.0000000000
159288  -4.608  -49.662  26.573 0.0000000000
159289  -4.549  -49.357  25.989 0.0000000000
159290  -4.512  -49.046  25.473 0.0000000000
159291  -4.592  -50.130  24.659 0.0000000000
159292  -4.461  -49.431  24.799 0.0000000000
159293  -4.443  -48.663  24.878 0.0000000000
159294  -4.423  -48.304  24.315 0.0000000000
159295  -4.419  -48.041  23.835 0.0000000000
159296  -4.475  -47.705  23.377 0.0000000000
159297  -4.397  -48.136  22.785 0.0000000000
159298  -4.353  -48.516  22.194 0.0000000000
159299  -4.356  -48.951  21.596 0.0000000000
159300  -4.556  -50.057  21.916 0.0000000000
159301  -4.481  -49.732  21.462 0.0000000000
159302  -4.407  -49.445  20.980 0.0000000000
159303  -4.651  -49.913  20.355 0.0000000000
159304  -5.027  -50.344  19.774 0.0000000000
159305  -5.510  -50.724  19.212 0.0000000000
159306  -11.705  -55.677  28.866 0.0000000000
159366  -8.375  -52.475  22.527 0.0000000000
159367  -8.121  -52.342  22.195 0.0000000000
159368  -7.918  -52.158  21.839 0.0000000000
159376  -8.330  -52.715  21.086 0.0000000000
159377  -7.653  -52.010  21.478 0.0000000000
159378  -7.422  -51.836  21.135 0.0000000000
159379  -7.206  -51.706  20.724 0.0000000000
159380  -6.955  -51.568  20.309 0.0000000000
159381  -8.027  -52.988  19.233 0.0000000000
159382  -7.508  -52.102  19.589 0.0000000000
159383  -6.743  -51.430  19.884 0.0000000000
159384  -6.516  -51.290  19.434 0.0000000000
159385  -6.321  -51.197  19.034 0.0000000000
159386  -6.140  -51.121  18.609 0.0000000000
159387  -6.729  -51.564  18.044 0.0000000000
159388  -7.093  -52.203  17.376 0.0000000000
159389  -7.286  -52.967  16.675 0.0000000000
159390  -7.441  -54.260  16.752 0.0000000000
159391  -7.285  -54.034  16.385 0.0000000000
159392  -7.183  -53.808  16.013 0.0000000000
159393  -6.732  -54.659  15.387 0.0000000000
159394  -6.179  -55.360  14.757 0.0000000000
159395  -5.713  -55.951  14.132 0.0000000000
159396  -5.176  -57.589  16.093 0.0000000000
159397  -5.125  -57.382  15.614 0.0000000000
159398  -5.179  -57.208  15.217 0.0000000000
159399  -4.706  -58.658  14.502 0.0000000000
159400  -4.840  -57.842  14.578 0.0000000000
159401  -5.185  -57.025  14.814 0.0000000000
159402  -5.246  -56.898  14.367 0.0000000000
159403  -5.304  -56.734  13.899 0.0000000000
159404  -5.357  -56.536  13.476 0.0000000000
159405  -5.174  -57.078  12.844 0.0000000000
159406  -5.154  -57.588  12.311 0.0000000000
159407  -5.371  -58.025  11.943 0.0000000000
159408  -5.516  -58.862  12.516 0.0000000000
159409  -5.722  -58.565  12.142 0.0000000000
